0.20
53.65
55.32
54.64
54.64
54.81
54.50
55.05
54.81
55.01
55.35
54.81
54.74
54.81
54.94
54.94
55.22
54.74
55.05
55.05
55.05
55.05
54.94
55.01
54.94
55.62
55.32
54.94
54.91
54.81
55.39
54.81
54.88
54.64
54.60
54.94
54.40
55.05
54.94
54.81
54.94
54.74
54.88
55.05
54.74
55.05
55.01
55.76
55.11
54.81
54.88
55.22
55.22
55.11
54.74
54.91
55.05
55.22
54.64
55.01
55.11
54.64
54.91
55.01
54.81
54.81
54.91
54.74
54.81
55.05
54.74
55.11
54.74
55.11
54.60
55.05
55.32
54.64
54.81
55.11
55.32
56.03
55.45
54.64
54.81
55.01
54.91
54.74
55.22
54.64
54.60
55.08
54.09
54.40
54.81
54.94
55.01
54.81
55.76
55.32
54.91
55.11
55.22
54.81
55.22
54.94
55.22
55.11
55.11
54.64
55.25
56.20
55.35
55.11
55.18
54.91
56.10
54.64
55.32
55.01
55.11
55.22
55.73
56.03
54.91
54.94
55.11
55.11
54.88
56.03
55.73
54.81
55.01
55.52
54.74
55.25
54.91
55.08
56.10
55.22
55.01
56.34
55.11
55.22
55.05
55.11
55.22
55.35
55.05
55.11
55.11
55.05
55.11
55.25
54.94
55.11
55.05
55.05
55.35
55.11
55.05
55.32
55.93
55.45
55.05
55.25
55.35
54.81
55.05
55.45
54.94
55.22
56.10
56.24
54.94
55.45
54.81
54.91
55.32
54.67
54.77
54.77
54.74
55.22
54.50
55.11
55.05
54.81
54.81
55.11
54.81
55.01
55.01
54.81
55.05
55.11
54.74
54.81
55.79
55.05
55.11
54.91
54.74
54.94
55.01
54.81
55.05
54.91
55.11
55.52
54.81
55.35
54.50
55.22
55.11
55.52
55.05
55.22
54.74
54.91
55.11
54.64
54.60
55.52
54.64
55.01
54.81
54.81
54.81
55.39
55.35
54.91
54.74
54.81
54.74
54.64
53.62
53.45
53.92
52.33
52.22
51.65
50.93
50.22
48.59
47.87
47.67
46.61
44.68
44.91
43.21
41.62
41.11
40.46
39.34
38.62
36.92
36.38
35.26
34.68
34.31
34.20
31.79
31.08
30.26
29.38
28.80
27.37
27.61
25.91
25.13
25.02
24.34
23.39
22.95
22.17
21.11
20.74
20.13
20.13
18.97
18.36
18.19
16.97
17.37
16.18
16.39
15.61
15.27
15.20
14.79
14.89
15.61
14.79
15.98
15.67
16.08
16.35
17.37
16.97
17.99
18.50
18.19
19.41
19.65
20.23
20.74
21.76
22.47
22.54
23.94
24.51
24.51
25.67
25.40
27.10
27.91
27.98
29.04
30.09
31.25
32.47
33.08
33.59
34.24
35.05
36.52
37.50
37.16
38.11
38.93
39.92
40.32
41.34
42.02
42.53
43.32
43.18
44.20
44.78
45.08
45.49
47.02
46.78
47.91
47.67
48.65
49.20
49.23
50.59
50.05
50.66
51.65
52.05
52.46
52.73
53.24
53.48
53.75
55.05
54.47
55.11
55.11
55.52
56.10
57.39
56.64
57.39
57.39
58.68
58.31
59.60
59.74
60.08
60.21
60.25
60.49
59.67
58.51
58.62
55.93
55.52
54.16
51.65
51.03
48.25
47.46
45.02
43.59
41.04
39.24
35.94
33.18
30.50
28.22
26.62
23.12
23.22
20.64
20.84
20.13
20.64
21.35
21.93
24.04
25.64
27.20
30.09
32.10
33.90
35.36
36.65
39.92
40.32
42.23
44.81
46.38
48.08
50.59
52.16
53.69
56.24
58.45
58.51
59.77
59.91
60.79
61.37
61.68
62.76
62.59
62.76
63.48
63.78
64.16
63.31
64.50
65.08
63.58
65.59
65.08
64.67
64.77
64.94
64.77
65.76
65.48
65.65
66.78
66.47
66.64
67.52
67.66
67.93
68.75
69.46
70.04
69.87
70.11
70.82
70.75
70.82
72.52
72.62
72.01
71.91
71.43
72.52
71.64
72.39
72.39
72.05
71.43
71.33
69.94
70.11
66.88
65.25
63.21
59.50
57.39
54.64
51.95
48.65
44.47
40.73
37.47
33.46
29.21
25.50
22.41
20.13
17.95
16.97
16.18
17.48
17.78
19.41
21.76
23.83
26.32
28.22
29.61
31.65
34.65
36.52
38.83
42.09
44.10
46.48
49.16
50.93
53.18
56.03
57.63
58.62
58.92
59.19
58.92
57.63
56.34
54.64
53.04
50.25
48.65
45.80
44.03
42.02
41.21
39.61
38.11
37.06
36.24
34.88
33.90
32.67
32.61
31.31
29.82
29.21
29.07
27.91
27.20
25.74
24.96
24.11
24.92
23.80
23.80
24.34
24.51
25.09
24.92
26.32
27.61
27.74
27.40
28.80
29.07
30.67
31.38
32.47
34.17
36.18
37.54
38.35
38.83
41.38
42.23
42.60
43.89
46.17
47.50
48.18
49.78
49.78
51.48
53.04
53.24
54.06
55.45
57.63
57.94
58.82
59.33
59.50
59.33
60.21
60.01
60.18
60.79
59.19
59.19
58.75
58.68
57.73
57.73
57.73
57.63
55.90
56.81
56.44
55.93
55.93
55.52
54.64
55.62
54.91
55.73
55.22
54.40
54.74
53.82
53.92
54.40
53.92
54.67
53.82
53.62
54.74
52.87
53.75
54.03
52.94
53.35
53.11
53.35
53.04
53.92
52.94
53.75
53.82
52.94
53.04
53.62
53.18
53.58
53.45
52.94
54.06
52.19
53.69
53.82
53.04
53.04
53.48
52.87
51.95
52.67
52.77
52.87
52.22
52.50
51.95
51.24
51.17
50.66
50.49
50.97
49.54
49.20
48.96
49.16
48.48
47.97
47.36
47.09
46.10
47.19
46.38
45.73
45.08
44.74
44.34
43.38
43.96
43.38
43.32
42.33
41.82
41.24
41.34
41.11
39.95
40.22
39.81
39.03
38.52
37.74
37.33
36.75
36.65
35.84
34.88
34.65
33.66
32.54
32.47
31.69
30.84
30.50
30.26
29.41
28.93
28.39
27.68
27.91
26.35
26.49
25.91
25.23
24.55
23.63
23.46
23.36
22.64
22.34
21.52
21.66
20.13
20.20
19.31
19.18
18.26
18.05
17.37
16.52
16.76
16.08
15.67
14.89
14.08
14.48
14.08
13.09
13.40
12.99
12.07
12.27
12.04
10.37
10.91
10.10
9.21
9.69
9.52
8.81
8.70
9.21
7.62
6.53
7.92
6.94
7.92
7.55
7.24
7.11
8.09
8.33
8.40
7.92
9.32
8.47
9.62
9.62
10.40
10.91
11.63
10.91
12.41
12.10
13.33
13.60
14.11
14.69
14.79
16.08
16.35
16.66
16.18
16.97
16.66
17.54
18.36
18.05
18.05
18.19
18.67
18.77
19.18
19.75
20.13
19.89
20.06
21.66
21.35
21.35
21.93
22.24
23.36
22.81
24.04
23.70
24.11
25.74
25.60
25.13
26.21
27.34
26.08
28.19
27.40
28.25
29.48
28.53
29.89
29.61
29.78
30.60
29.95
30.26
30.60
30.60
32.23
32.47
32.06
32.78
33.39
33.83
34.24
34.54
35.22
36.18
34.95
35.77
36.24
36.89
36.18
37.94
37.74
37.94
38.83
38.05
39.03
39.54
39.92
41.04
41.21
40.80
41.24
42.98
42.81
43.79
43.52
43.69
44.20
44.30
45.32
45.19
45.02
45.19
46.38
46.89
47.26
47.26
48.79
48.48
48.79
49.16
49.37
50.12
49.91
51.17
50.76
51.24
52.22
51.78
53.07
53.65
52.87
53.24
54.37
54.50
55.62
55.62
55.52
56.44
57.22
57.22
56.95
58.04
56.81
57.63
58.11
59.30
58.82
59.50
59.16
60.52
59.60
61.47
60.79
60.62
61.91
62.08
62.19
62.76
62.59
62.66
64.53
63.58
64.36
64.77
64.46
65.35
65.79
65.76
65.65
66.23
65.72
67.52
67.15
68.07
67.05
68.03
68.48
67.93
67.76
68.95
68.58
68.48
70.62
70.62
69.73
70.11
70.52
70.35
70.82
70.35
70.75
72.15
71.33
71.50
72.22
72.49
72.73
72.52
72.73
73.78
73.51
73.81
74.09
73.68
73.88
73.92
74.73
74.80
75.31
75.62
75.72
76.60
76.09
77.01
76.50
77.01
77.01
77.08
76.91
76.91
78.68
78.03
78.06
77.79
77.96
77.59
78.03
78.06
77.89
77.79
79.22
78.78
78.78
80.00
79.36
79.59
80.07
78.88
78.95
80.00
78.88
79.59
80.58
79.08
79.08
79.66
78.61
78.78
78.51
78.51
78.47
78.95
77.72
78.06
76.36
76.91
75.11
73.51
72.79
71.81
71.54
70.75
69.73
68.51
69.05
68.03
66.78
65.76
65.65
64.87
63.48
62.25
61.61
60.21
59.09
58.89
57.90
56.81
56.54
55.25
55.35
53.82
52.87
52.87
51.54
49.78
49.06
47.97
46.89
46.89
45.80
43.96
43.96
42.74
41.82
40.73
40.63
39.81
38.76
37.54
36.75
36.82
35.67
34.75
34.54
33.49
32.61
31.25
30.97
29.61
29.07
27.68
27.10
26.11
24.34
23.26
22.17
21.83
19.96
18.84
18.36
17.75
16.49
16.66
16.18
15.47
15.84
16.49
16.32
16.97
17.10
17.10
18.12
18.26
19.18
20.06
18.84
20.47
20.13
21.25
22.54
22.24
22.54
23.22
23.94
24.41
25.81
25.53
25.74
26.69
28.39
28.90
29.21
29.51
30.67
32.03
31.89
33.25
35.05
36.18
38.11
38.83
39.92
41.68
42.74
44.95
44.68
46.55
47.87
48.89
50.97
51.92
51.82
53.45
54.81
55.11
55.52
55.45
55.79
55.52
55.93
55.79
55.45
56.51
55.11
56.75
55.11
56.03
55.35
55.62
55.93
55.93
55.76
55.79
56.10
55.90
55.90
56.20
56.10
55.35
57.05
55.79
56.03
56.10
55.45
55.73
56.03
55.39
56.34
55.93
55.32
56.51
55.93
55.35
56.51
56.03
56.10
55.11
56.03
55.32
55.76
56.51
55.05
55.73
56.03
55.11
55.93
56.10
56.61
55.93
55.52
55.93
55.73
56.10
55.76
55.11
55.73
55.73
55.79
55.32
54.81
55.73
55.45
55.73
55.79
55.32
56.61
55.52
55.62
55.73
56.44
55.93
56.34
55.45
56.03
55.52
56.61
55.93
56.44
56.03
56.34
56.24
56.92
56.03
55.93
56.51
56.10
56.24
55.45
57.02
56.17
55.32
56.34
55.83
56.95
55.52
56.03
55.22
57.22
56.03
55.32
56.81
56.24
56.10
56.44
56.10
56.20
56.20
55.45
57.02
55.73
55.93
55.93
56.03
55.62
55.93
56.92
56.44
56.10
56.24
56.44
55.22
56.81
55.62
56.68
55.22
57.19
56.95
56.20
56.34
55.22
56.75
55.32
56.03
55.62
55.79
55.25
56.17
55.93
56.10
55.45
55.93
55.93
55.45
55.73
55.93
56.07
56.03
55.18
55.79
56.61
55.93
55.49
56.30
56.30
55.39
55.79
55.11
56.64
55.22
55.73
55.59
56.10
55.96
54.91
55.22
56.51
55.93
56.10
55.93
55.01
55.39
55.59
56.68
55.39
55.73
56.81
55.05
55.11
55.83
55.83
55.90
55.39
56.37
55.32
56.61
55.79
55.79
55.39
56.68
55.22
56.68
55.79
55.32
56.81
55.90
55.11
56.78
55.83
55.08
56.10
54.91
55.93
56.68
55.39
55.79
55.93
55.32
56.51
55.08
56.03
55.79
55.22
56.81
55.79
55.05
55.22
55.73
55.90
55.22
55.52
55.73
56.68
55.45
56.10
55.79
55.93
56.10
55.08
55.08
56.20
55.11
55.79
56.92
56.03
55.01
55.90
55.22
54.91
55.05
55.62
55.90
55.39
56.61