50.76
50.66
51.07
50.83
50.73
50.97
50.22
50.93
50.93
50.76
50.76
50.83
50.46
50.73
50.83
51.34
50.93
51.10
50.52
50.76
50.93
50.52
51.61
51.17
50.46
50.83
50.97
50.63
50.73
50.93
50.35
50.83
51.24
50.52
50.76
50.93
50.46
50.83
51.07
50.59
50.97
50.63
50.63
50.97
50.97
50.83
51.17
51.03
50.93
51.17
51.07
51.03
51.24
51.24
50.52
50.83
51.24
50.76
51.03
51.44
50.52
50.93
51.10
50.97
51.03
51.34
50.59
51.03
51.34
50.76
51.07
51.24
50.63
50.93
51.17
50.52
51.07
51.48
50.59
51.03
51.34
50.83
51.10
51.17
50.59
50.93
51.24
50.76
50.93
51.34
50.52
51.03
51.48
50.73
50.83
51.17
50.66
50.93
51.20
50.93
51.03
51.51
50.63
50.83
51.10
51.75
51.03
51.24
50.63
50.93
51.34
50.83
50.93
51.10
50.83
51.17
51.24
50.66
51.17
51.03
50.83
50.93
51.17
50.76
50.80
51.20
50.66
50.73
51.03
50.80
50.93
51.03
50.52
50.83
51.03
51.51
51.07
51.10
50.63
50.93
50.76
50.73
50.83
50.83
50.52
50.93
50.83
50.73
50.83
50.93
51.20
50.18
51.03
50.73
50.83
51.03
50.46
50.93
50.83
50.63
50.76
50.93
50.32
50.80
51.07
50.73
50.83
51.03
50.83
50.76
50.93
50.52
50.93
50.83
50.35
50.76
50.83
50.46
50.76
51.17
50.46
50.52
50.93
50.63
50.73
50.93
50.46
50.83
50.93
50.52
50.73
50.83
50.46
50.73
50.93
51.24
50.93
51.03
50.63
50.83
50.83
51.51
50.93
51.03
50.63
50.52
50.83
50.52
50.93
50.76
50.76
50.73
50.90
50.83
50.83
51.24
50.46
50.83
51.07
50.73
50.63
50.83
50.46
50.73
51.07
50.66
50.63
50.93
50.46
51.03
51.48
50.83
50.93
52.05
51.07
51.34
51.07
51.82
51.17
51.10
50.76
51.07
51.44
50.83
50.97
51.24
50.66
51.07
51.34
50.76
50.93
51.24
50.52
51.03
51.44
50.83
51.07
51.44
50.73
51.17
51.10
50.93
51.03
51.44
50.66
51.03
51.24
50.63
50.97
51.10
50.93
51.03
51.44
50.76
51.03
51.34
50.52
50.93
51.17
50.93
51.07
51.24
50.52
50.93
51.37
50.66
51.07
51.24
50.66
50.83
51.34
50.83
51.07
51.24
50.52
51.03
51.44
50.76
51.07
51.44
50.66
50.93
51.17
50.63
51.07
51.34
50.63
50.76
51.17
50.76
50.76
50.93
50.46
50.76
51.03
50.76
50.93
50.93
50.32
50.76
50.93
50.52
50.76
50.93
50.46
50.83
50.80
50.83
50.83
51.03
50.66
50.63
50.93
50.63
50.66
51.03
50.66
50.73
50.93
50.63
50.63
50.83
50.46
50.93
51.75
50.93
50.63
50.93
50.52
50.83
51.17
50.63
50.66
50.93
50.35
50.93
51.10
50.76
50.76
51.17
50.35
50.83
50.83
50.59
50.83
50.93
50.52
50.83
50.93
51.51
51.07
51.03
50.73
50.83
50.93
50.52
50.83
50.93
50.35
50.93
50.93
50.46
50.83
50.93
50.35
50.83
51.03
50.76
50.80
51.10
50.63
50.63
50.83
50.66
50.97
51.48
50.73
50.76
51.03
50.76
50.90
51.07
50.66
50.83
51.07
50.52
50.83
51.03
50.52
50.76
51.03
50.59
51.03
51.20
51.03
51.24
51.03
50.93
51.07
51.44
50.76
50.83
51.24
50.97
50.97
51.17
50.59
51.07
51.17
50.83
51.07
51.24
50.63
51.17
51.07
51.07
51.07
51.34
50.66
50.93
51.92
50.97
50.93
51.17
51.44
51.34
50.93
50.76
51.17
51.07
50.83
50.83
51.24
50.76
51.17
51.03
50.83
50.93
51.34
50.76
50.93
51.17
50.76
50.97
51.24
50.73
51.10
51.24
50.46
50.93
51.17
50.76
51.03
51.34
50.66
51.07
51.24
50.83
51.03
52.16
50.93
50.93
51.07
51.88
52.05
51.65
50.66
50.83
51.37
50.66
50.83
51.24
50.52
50.83
50.93
51.44
51.03
51.17
50.35
50.76
51.07
50.52
51.03
51.10
50.52
50.93
50.83
50.63
50.63
50.93
50.52
50.76
50.83
50.73
50.76
50.83
50.63
50.63
50.93
50.66
50.83
50.93
50.35
50.83
51.03
50.83
50.83
51.03
50.52
50.83
50.93
50.63
50.63
50.93
50.46
50.93
50.93
51.44
50.93
51.03
50.52
50.83
51.10
50.63
50.66
50.93
50.52
50.83
50.93
50.52
50.83
50.83
50.35
50.73
51.03
50.63
50.66
50.93
50.52
50.76
51.17
50.35
50.76
51.07
50.46
50.93
50.93
50.66
50.83
51.03
50.46
50.76
51.10
50.83
50.76
51.03
50.66
51.65
51.10
51.03
50.93
50.93
51.34
51.07
51.07
50.76
50.83
50.83
50.46
51.03
51.07
50.93
50.76
51.10
50.52
51.92
51.07
50.93
51.17
51.17
50.52
50.93
51.24
50.63
51.07
51.34
50.52
51.82
51.37
50.83
50.97
51.10
50.83
51.03
51.34
50.83
50.97
51.24
50.59
51.17
51.07
50.97
51.10
51.17
50.52
50.83
51.24
50.83
51.07
51.34
50.46
50.93
51.17
50.83
50.93
52.05
50.93
51.03
51.44
50.83
51.03
51.17
51.54
51.24
51.07
51.07
51.17
51.03
50.93
51.07
51.24
50.66
50.93
51.24
50.63
50.83
51.34
50.83
51.17
51.03
50.66
50.93
51.17
50.63
50.83
51.20
50.63
51.03
51.24
50.83
50.93
51.17
50.63
50.76
51.17
50.66
50.76
51.03
50.76
50.73
50.93
50.63
50.76
50.93
50.52
50.73
50.93
50.76
50.83
50.93
50.52
50.76
50.93
50.59
50.83
50.83
50.52
50.83
50.93
50.52
50.76
50.93
50.59
50.83
51.03
50.63
50.76
51.07
50.63
50.83
51.10
50.83
50.76
51.07
50.46
50.83
50.83
50.52
50.83
50.93
50.46
50.83
50.93
50.63
50.83
51.10
50.46
50.73
51.03
50.73
50.76
50.93
50.32
50.73
50.73
50.52
50.63
50.93
50.46
50.73
50.83
51.34
51.03
51.03
50.66
50.83
51.24
50.46
50.83
50.97
50.35
50.63
50.80
50.83
50.83
51.03
50.76
50.76
51.07
50.83
50.97
50.73
50.66
51.34
51.31
50.46
50.83
51.03
50.52
51.75
51.03
50.63
50.76
50.93
50.59
51.03
50.83
50.63
51.75
51.17
50.25
50.93
51.34
50.83
50.93
51.17
50.66
50.93
51.24
50.76
51.07
51.34
50.52
51.17
51.07
50.93
50.93
51.24
50.52
50.93
51.17
50.83
50.83
51.24
50.76
50.97
51.07
50.83
50.83
51.34
51.48
51.17
51.07
50.83
51.65
51.34
50.63
50.83
51.07
51.03
51.17
51.17
50.59
50.93
51.17
50.66
50.83
51.24
50.66
50.93
51.24
50.73
50.93
51.17
50.66
50.83
51.24
50.76
50.93
51.34
50.66
50.83
51.17
50.76
51.07
51.24
50.52
51.07
51.34
50.76
50.93
50.93
50.66
50.97
51.17
50.83
51.03
51.24
50.63
50.73
51.07
50.63
50.76
50.83
50.35
50.63
50.83
50.63
50.66
50.93
50.52
50.76
50.83
50.76
50.73
51.17
50.35
50.66
50.93
50.63
50.80
50.97
50.35
50.66
51.07
50.73
50.52
51.07
50.52
50.93
50.93
50.52
50.76
50.80
50.76
50.73
50.73
50.59
51.65
51.07
50.46
50.83
51.07
50.76
50.80
51.10
50.66
50.66
51.07
50.83
50.76
51.07
50.46
50.76
51.24
50.35
50.80
51.03
50.76
50.93
50.93
50.52
50.76
50.93
50.46
50.66
50.93
51.34
51.03
51.17
50.35
50.63
50.93
50.76
50.93
50.93
50.46
50.76
50.93
50.63
50.83
50.97
50.22
50.93
50.83
50.76
50.90
51.03
50.83
50.76
50.83
50.63
50.73
50.93
50.35
50.83
51.03
50.83
50.76
51.07
50.66
50.66
50.93
50.63
51.03
51.44
50.76
51.17
51.10
50.83
51.17
51.17
50.63
50.97
51.03
51.03
51.03
51.34
50.66
51.03
51.34
50.83
50.93
51.24
50.46
51.17
51.17
50.76
50.83
51.24
50.63
50.83
51.17
50.76
51.17
51.10
51.75
51.24
51.03
50.93
51.07
51.34
51.54
51.34
51.03
50.83
50.93
51.44
50.63
50.93
51.24
50.52
50.93
51.24
50.76
50.93
51.24
50.76
50.97
51.24
50.63
50.83
51.34
50.76
51.07
51.24
50.66
50.93
51.10
50.93
51.17
51.17
50.59
51.17
50.83
50.93
50.93
51.34
50.63
50.83
51.24
50.76
50.76
51.17
50.59
51.54
51.24
50.66
50.73
50.83
50.46
50.80
51.17
50.52
50.83
51.03
50.46
50.83
51.03
50.76
50.80
51.03
50.63
50.76
50.90
50.76
50.80
51.34
50.25
50.83
51.03
50.76
50.93
50.93
50.46
50.76
50.93
50.66
50.83
51.03
50.76
50.80
51.34
50.46
50.73
50.93
50.32
50.63
51.65
50.93
50.93
50.93
50.52
50.66
51.17
50.52
50.66
50.93
50.35
50.76
51.07
50.63
50.83
50.97
50.35
50.76
50.83
50.63
50.73
50.83
51.10
51.20
51.24
50.52
50.83
50.93
50.52
50.83
50.93
50.63
50.73
50.93
50.35
51.54
52.05
51.03
50.90
51.10
51.34
50.35
50.63
50.76
50.83
50.83
50.52
50.93
51.75
50.83
50.63
51.07
50.59
50.63
50.93
50.52
50.83
51.07
50.52
51.07
52.22
51.17
50.93
51.03
50.76
51.07
51.44
50.97
50.93
51.34
50.76
51.17
51.10
50.97
50.83
51.34
50.46
51.07
51.10
50.97
50.83
51.34
50.46
51.07
51.34
50.83
51.17
51.03
50.76
51.07
51.44
50.76
51.03
51.24
51.44
50.35
51.48
51.65
51.24
51.03
50.93
51.07
51.24
50.83
50.93
51.10
50.66
51.17
51.10
50.83
50.93
51.24
50.46
50.83
51.34
50.83
51.07
51.20
50.76
51.03
51.24
50.73
51.75
51.24
50.66
51.03
51.37
50.83
51.03
51.10
50.83
51.07
51.24
50.93
50.93
51.10
50.93
50.76
51.24
50.52
50.93
50.93
50.22
50.73
51.03
50.76
50.73
50.83
50.52
50.83
51.65
50.76
50.93
50.83
50.46
50.52
51.17
50.63
51.34
51.44
50.22
50.83
51.03
50.76
50.97
50.83
50.52
50.83
51.03
50.80
50.83
51.07
50.46
50.76
51.03
50.73
50.93
50.93
50.32
50.93
50.73
50.73
50.63
50.80
50.52
50.73
50.93
50.52
50.63
50.90
50.66
50.73
50.83
50.73
50.76
51.24
50.46
50.63
50.90
51.51
51.03
51.10
50.52
50.73
50.93
50.73
50.76
51.17
50.39
50.73
50.83
50.66
50.76
51.03
50.52
50.93
51.07
50.63
50.73
50.93
50.35
50.83
51.75
50.73
51.10
50.76
50.83
50.83
50.83
50.52
50.93
50.93
50.63
50.66
51.17
50.66
51.51
51.17
50.52
50.83
51.24
50.46
51.07
51.17
50.35
50.93
51.34
50.76
50.93
51.17
50.76
51.82
51.48
50.83
51.03
51.24
50.76
51.17
51.17
50.63
50.93
51.10
50.73
51.03
51.34
50.76
50.83
51.34
50.52
51.17
51.03
51.03
51.24
50.93
50.63
50.83
51.24
50.93
51.82
51.51
50.59
51.17
51.24
50.66
50.93
51.17
50.63
50.93
51.03
51.03
51.17
51.03
50.76
51.03
51.24
50.73
50.93
51.24
50.63
50.97
51.03
51.17
50.93
51.03
50.76
50.93
51.24
50.76
51.07
51.24
50.66
50.97
51.07
50.97
51.07
51.24
50.66
50.93
51.17
50.83
50.76
51.24
50.83
50.83
50.93
50.63
50.76
51.03
50.66
50.73
50.83
50.63
50.83
51.07
50.39
50.73
51.03
50.63
50.63
50.93
50.52
50.66
51.17
50.46
50.63
50.93
50.63
51.61
51.10
50.73
50.52
51.17
50.32
50.63
50.93
51.34
50.97
50.83
50.46
50.93
50.93
50.52
50.73
50.73
50.46
50.83
50.93
50.52
50.76
51.03
50.52
50.76
51.03
50.83
50.76
50.80
50.76
50.73
50.83
50.46
50.93
50.83
50.59
50.66
51.03
50.63
50.66
50.93
50.66
50.63
50.73
50.66
50.83
50.83
50.46
50.73
50.93
50.63
50.76
50.83
50.46
50.73
50.93
50.63
50.73
50.83
50.46
50.93
50.83
50.76
50.83
50.90
50.52
50.83
50.93
50.63
50.66
50.97
50.35
50.76
50.83
50.76
50.83
51.03
50.59
50.93
51.17
50.46
50.97
51.03
50.73
50.93
51.24
50.83
50.97
51.24
51.34
51.17
51.03
51.03
51.03
51.44
50.63
51.82
51.34
50.66
51.07
51.17
50.52
50.93
51.07
50.83
50.93
51.17
50.49
50.93
51.34
50.83
50.83
51.17
50.52
51.03
51.34
50.83
50.93
51.20
50.76
51.07
51.17
50.76
51.07
51.34
50.59
51.07
51.48
50.83
51.07
51.37
50.66
50.93
51.17
50.83
50.93
51.24
50.83
50.93
51.24
50.63
50.97
51.07
50.63
50.83
51.17
50.76
50.93
51.34
50.52
50.93
51.24
50.73
50.93
51.34
50.52
50.97
51.24
50.83
50.63
51.17
50.39
50.73
50.83
51.34
50.93
50.83
51.34
50.93
51.07
50.76
50.66
51.07
50.63
50.63
50.80
50.83
50.76
50.97
50.35
50.73
50.83
50.66
50.76
51.03
50.63
50.59
51.03
50.66
50.76
51.07
50.52
50.83
50.83
50.66
50.83
51.03
50.46
50.63
50.93
50.59
50.76
50.83
50.46
50.76
51.07
50.76
50.76
51.07
50.49
50.90
51.03
50.73
50.66
51.07
50.59
50.83
51.07
50.76
50.83
51.07
50.46
50.76
50.93
50.63
50.80
50.93
50.52
50.66
51.07
50.63
50.76
50.93
50.35
50.73
51.07
50.76
51.54
51.07
50.66
50.63
51.07
50.76
51.03
51.07
50.66
50.63
50.66
51.37
51.37
50.93
50.46
50.76
50.93
50.76
50.76
50.76
50.66
50.80
51.03
50.76
51.07
51.95
50.76
51.17
50.97
50.52
50.93
51.17
50.52
50.93
51.24
51.65
51.17
51.24
50.76
50.83
51.17
51.51
51.24
51.34
50.46
51.24
50.93
50.76
51.17
50.93
50.63
50.93
51.24
51.75
51.17
51.07
51.65
51.07
51.17
50.76
51.07
51.34
50.76
51.07
51.24
50.76
51.07
51.24
50.83
51.17
51.17
50.76
50.93
51.24
50.46
50.93
51.17
50.90
51.24
51.03
50.93
50.93
51.17
50.66
50.93
51.07
50.63
50.97
51.10
50.90
51.34
51.07
50.76
50.93
51.24
50.66
51.03
51.44
50.66
50.93
51.31
50.46
50.93
51.17
50.59
50.76
51.17
50.63
50.73
50.73
50.35
50.83
51.03
50.76
50.83
50.93
50.46
50.76
51.07
50.63
50.83
50.83
50.35
50.73
50.93
51.48
50.93
51.07
50.46
51.65
51.17
50.59
50.76
51.03
50.52
50.76
50.83
50.59
50.93
50.93
50.46
50.73
50.93
50.52
50.83
51.03
50.66
50.76
50.93
50.52
50.83
50.97
51.34
50.93
50.83
50.66
50.83
51.95
50.73
50.76
51.17
50.66
50.76
50.97
50.35
50.76
50.83
50.76
50.83
50.76
50.59
50.76
50.93
50.66
50.76
50.93
50.46
50.66
51.03
50.66
50.83
51.03
50.35
50.83
50.93
50.52
50.83
50.97
50.35
50.90
51.17
50.52
50.97
50.93
50.59
50.90
51.17
50.66
50.63
50.83
51.24
51.03
51.07
50.76
50.97
50.83
50.52
50.76
50.97
50.52
51.03
51.24
50.76
51.17
51.07
50.97
50.93
51.24
50.63
51.03
51.34
51.54
51.17
51.24
50.35
51.03
51.24
50.63
51.03
51.44
50.52
51.24
51.17
50.52
50.93
51.34
50.52
50.97
51.17
50.66
50.97
51.17
50.52
51.03
51.48
50.52
51.03
51.24
50.46
50.93
51.10
51.07
51.17
51.10
50.93
50.83
51.17
50.63
50.93
51.24
50.63
50.97
51.17
51.44
51.24
51.17
50.63
50.93
51.24
50.83
51.03
51.07
